# Blender v3.2.2 OBJ File: 'plate_col.blend'
# www.blender.org
mtllib plate_col.mtl
o Cube_Cube.001
v -0.056879 -0.061134 0.000358
v -0.057107 -0.061134 0.009254
v 0.057107 -0.061134 0.003277
v 0.056879 -0.061134 0.012173
v -0.056879 0.061134 0.000358
v -0.057107 0.061134 0.009254
v 0.057107 0.061134 0.003277
v 0.056879 0.061134 0.012173
vt 0.375000 0.000000
vt 0.375000 0.250000
vt 0.625000 0.250000
vt 0.625000 0.000000
vt 0.375000 0.500000
vt 0.625000 0.500000
vt 0.375000 0.750000
vt 0.625000 0.750000
vt 0.375000 1.000000
vt 0.625000 1.000000
vt 0.125000 0.500000
vt 0.125000 0.750000
vt 0.875000 0.750000
vt 0.875000 0.500000
vn 0.0000 -1.0000 0.0000
vn 0.9997 0.0000 0.0256
vn 0.0000 1.0000 0.0000
vn -0.9997 0.0000 -0.0256
vn 0.0256 0.0000 -0.9997
vn -0.0256 0.0000 0.9997
usemtl None
s off
f 1/1/1 3/2/1 4/3/1 2/4/1
f 3/2/2 7/5/2 8/6/2 4/3/2
f 7/5/3 5/7/3 6/8/3 8/6/3
f 5/7/4 1/9/4 2/10/4 6/8/4
f 3/11/5 1/12/5 5/7/5 7/5/5
f 8/6/6 6/8/6 2/13/6 4/14/6
o Cube.001_Cube.002
v -0.056869 0.062695 -0.005027
v -0.057129 0.059303 0.004542
v 0.057129 0.061720 -0.002276
v 0.056869 0.058327 0.007293
v -0.056869 0.134808 0.020537
v -0.057129 0.131416 0.030106
v 0.057129 0.133833 0.023288
v 0.056869 0.130440 0.032857
vt 0.375000 0.000000
vt 0.375000 0.250000
vt 0.625000 0.250000
vt 0.625000 0.000000
vt 0.375000 0.500000
vt 0.625000 0.500000
vt 0.375000 0.750000
vt 0.625000 0.750000
vt 0.375000 1.000000
vt 0.625000 1.000000
vt 0.125000 0.500000
vt 0.125000 0.750000
vt 0.875000 0.750000
vt 0.875000 0.500000
vn -0.0000 -0.9425 -0.3341
vn 0.9997 -0.0086 0.0241
vn 0.0000 0.9425 0.3341
vn -0.9997 0.0086 -0.0241
vn 0.0256 0.3340 -0.9422
vn -0.0256 -0.3340 0.9422
usemtl None
s off
f 9/15/7 11/16/7 12/17/7 10/18/7
f 11/16/8 15/19/8 16/20/8 12/17/8
f 15/19/9 13/21/9 14/22/9 16/20/9
f 13/21/10 9/23/10 10/24/10 14/22/10
f 11/25/11 9/26/11 13/21/11 15/19/11
f 16/20/12 14/22/12 10/27/12 12/28/12
o Cube.002_Cube.003
v -0.056869 0.062695 -0.005027
v -0.057129 0.059303 0.004542
v 0.057129 0.061720 -0.002276
v 0.056869 0.058327 0.007293
v -0.056869 0.134808 0.020537
v -0.057129 0.131416 0.030106
v 0.057129 0.133833 0.023288
v 0.056869 0.130440 0.032857
vt 0.375000 0.000000
vt 0.375000 0.250000
vt 0.625000 0.250000
vt 0.625000 0.000000
vt 0.375000 0.500000
vt 0.625000 0.500000
vt 0.375000 0.750000
vt 0.625000 0.750000
vt 0.375000 1.000000
vt 0.625000 1.000000
vt 0.125000 0.500000
vt 0.125000 0.750000
vt 0.875000 0.750000
vt 0.875000 0.500000
vn -0.0000 -0.9425 -0.3341
vn 0.9997 -0.0086 0.0241
vn 0.0000 0.9425 0.3341
vn -0.9997 0.0086 -0.0241
vn 0.0256 0.3340 -0.9422
vn -0.0256 -0.3340 0.9422
usemtl None
s off
f 17/29/13 19/30/13 20/31/13 18/32/13
f 19/30/14 23/33/14 24/34/14 20/31/14
f 23/33/15 21/35/15 22/36/15 24/34/15
f 21/35/16 17/37/16 18/38/16 22/36/16
f 19/39/17 17/40/17 21/35/17 23/33/17
f 24/34/18 22/36/18 18/41/18 20/42/18
o Cube.003_Cube.004
v -0.000164 0.084645 -0.005027
v -0.002632 0.082302 0.004542
v 0.083767 0.007495 -0.002276
v 0.081300 0.005152 0.007293
v 0.048181 0.138152 0.020537
v 0.045714 0.135809 0.030106
v 0.132112 0.061002 0.023288
v 0.129645 0.058659 0.032857
vt 0.375000 0.000000
vt 0.375000 0.250000
vt 0.625000 0.250000
vt 0.625000 0.000000
vt 0.375000 0.500000
vt 0.625000 0.500000
vt 0.375000 0.750000
vt 0.625000 0.750000
vt 0.375000 1.000000
vt 0.625000 1.000000
vt 0.125000 0.500000
vt 0.125000 0.750000
vt 0.875000 0.750000
vt 0.875000 0.500000
vn -0.6319 -0.6993 -0.3341
vn 0.7360 -0.6765 0.0241
vn 0.6319 0.6993 0.3341
vn -0.7360 0.6765 -0.0241
vn 0.2429 0.2307 -0.9422
vn -0.2429 -0.2307 0.9422
usemtl None
s off
f 25/43/19 27/44/19 28/45/19 26/46/19
f 27/44/20 31/47/20 32/48/20 28/45/20
f 31/47/21 29/49/21 30/50/21 32/48/21
f 29/49/22 25/51/22 26/52/22 30/50/22
f 27/53/23 25/54/23 29/49/23 31/47/23
f 32/48/24 30/50/24 26/55/24 28/56/24
o Cube.004_Cube.005
v 0.058864 0.060826 -0.005027
v 0.055462 0.060865 0.004542
v 0.065305 -0.052994 -0.002276
v 0.061903 -0.052955 0.007293
v 0.130824 0.065516 0.020537
v 0.127422 0.065555 0.030106
v 0.137265 -0.048304 0.023288
v 0.133863 -0.048265 0.032857
vt 0.375000 0.000000
vt 0.375000 0.250000
vt 0.625000 0.250000
vt 0.625000 0.000000
vt 0.375000 0.500000
vt 0.625000 0.500000
vt 0.375000 0.750000
vt 0.625000 0.750000
vt 0.375000 1.000000
vt 0.625000 1.000000
vt 0.125000 0.500000
vt 0.125000 0.750000
vt 0.875000 0.750000
vt 0.875000 0.500000
vn -0.9405 -0.0613 -0.3341
vn 0.0565 -0.9981 0.0241
vn 0.9405 0.0613 0.3341
vn -0.0565 0.9981 -0.0241
vn 0.3350 -0.0038 -0.9422
vn -0.3350 0.0038 0.9422
usemtl None
s off
f 33/57/25 35/58/25 36/59/25 34/60/25
f 35/58/26 39/61/26 40/62/26 36/59/26
f 39/61/27 37/63/27 38/64/27 40/62/27
f 37/63/28 33/65/28 34/66/28 38/64/28
f 35/67/29 33/68/29 37/63/29 39/61/29
f 40/62/30 38/64/30 34/69/30 36/70/30
o Cube.005_Cube.006
v 0.084617 0.002161 -0.005027
v 0.082217 0.004572 0.004542
v 0.009469 -0.083567 -0.002276
v 0.007069 -0.081155 0.007293
v 0.139250 -0.044909 0.020537
v 0.136849 -0.042498 0.030106
v 0.064101 -0.130637 0.023288
v 0.061701 -0.128225 0.032857
vt 0.375000 0.000000
vt 0.375000 0.250000
vt 0.625000 0.250000
vt 0.625000 0.000000
vt 0.375000 0.500000
vt 0.625000 0.500000
vt 0.375000 0.750000
vt 0.625000 0.750000
vt 0.375000 1.000000
vt 0.625000 1.000000
vt 0.125000 0.500000
vt 0.125000 0.750000
vt 0.875000 0.750000
vt 0.875000 0.500000
vn -0.7141 0.6152 -0.3341
vn -0.6590 -0.7518 0.0241
vn 0.7141 -0.6152 0.3341
vn 0.6590 0.7518 -0.0241
vn 0.2363 -0.2374 -0.9422
vn -0.2363 0.2374 0.9422
usemtl None
s off
f 41/71/31 43/72/31 44/73/31 42/74/31
f 43/72/32 47/75/32 48/76/32 44/73/32
f 47/75/33 45/77/33 46/78/33 48/76/33
f 45/77/34 41/79/34 42/80/34 46/78/34
f 43/81/35 41/82/35 45/77/35 47/75/35
f 48/76/36 46/78/36 42/83/36 44/84/36
o Cube.006_Cube.007
v 0.059785 -0.059921 -0.005027
v 0.059884 -0.056520 0.004542
v -0.054130 -0.064366 -0.002276
v -0.054032 -0.060965 0.007293
v 0.063213 -0.131952 0.020537
v 0.063312 -0.128551 0.030106
v -0.050702 -0.136397 0.023288
v -0.050604 -0.132996 0.032857
vt 0.375000 0.000000
vt 0.375000 0.250000
vt 0.625000 0.250000
vt 0.625000 0.000000
vt 0.375000 0.500000
vt 0.625000 0.500000
vt 0.375000 0.750000
vt 0.625000 0.750000
vt 0.375000 1.000000
vt 0.625000 1.000000
vt 0.125000 0.500000
vt 0.125000 0.750000
vt 0.875000 0.750000
vt 0.875000 0.500000
vn -0.0448 0.9415 -0.3341
vn -0.9989 -0.0390 0.0241
vn 0.0448 -0.9415 0.3341
vn 0.9989 0.0390 -0.0241
vn -0.0097 -0.3349 -0.9422
vn 0.0097 0.3349 0.9422
usemtl None
s off
f 49/85/37 51/86/37 52/87/37 50/88/37
f 51/86/38 55/89/38 56/90/38 52/87/38
f 55/89/39 53/91/39 54/92/39 56/90/39
f 53/91/40 49/93/40 50/94/40 54/92/40
f 51/95/41 49/96/41 53/91/41 55/89/41
f 56/90/42 54/92/42 50/97/42 52/98/42
o Cube.007_Cube.008
v -0.002160 -0.084617 -0.005027
v 0.000370 -0.082343 0.004542
v -0.083941 -0.005192 -0.002276
v -0.081410 -0.002918 0.007293
v -0.051957 -0.136776 0.020537
v -0.049427 -0.134502 0.030106
v -0.133738 -0.057350 0.023288
v -0.131207 -0.055076 0.032857
vt 0.375000 0.000000
vt 0.375000 0.250000
vt 0.625000 0.250000
vt 0.625000 0.000000
vt 0.375000 0.500000
vt 0.625000 0.500000
vt 0.375000 0.750000
vt 0.625000 0.750000
vt 0.375000 1.000000
vt 0.625000 1.000000
vt 0.125000 0.500000
vt 0.125000 0.750000
vt 0.875000 0.750000
vt 0.875000 0.500000
vn 0.6509 0.6817 -0.3341
vn -0.7171 0.6965 0.0241
vn -0.6509 -0.6817 0.3341
vn 0.7171 -0.6965 -0.0241
vn -0.2492 -0.2239 -0.9422
vn 0.2492 0.2239 0.9422
usemtl None
s off
f 57/99/43 59/100/43 60/101/43 58/102/43
f 59/100/44 63/103/44 64/104/44 60/101/44
f 63/103/45 61/105/45 62/106/45 64/104/45
f 61/105/46 57/107/46 58/108/46 62/106/46
f 59/109/47 57/110/47 61/105/47 63/103/47
f 64/104/48 62/106/48 58/111/48 60/112/48
o Cube.008_Cube.009
v -0.061136 -0.058542 -0.005027
v -0.057738 -0.058710 0.004542
v -0.063240 0.055441 -0.002276
v -0.059842 0.055273 0.007293
v -0.133223 -0.060489 0.020537
v -0.129825 -0.060658 0.030106
v -0.135327 0.053493 0.023288
v -0.131929 0.053325 0.032857
vt 0.375000 0.000000
vt 0.375000 0.250000
vt 0.625000 0.250000
vt 0.625000 0.000000
vt 0.375000 0.500000
vt 0.625000 0.500000
vt 0.375000 0.750000
vt 0.625000 0.750000
vt 0.375000 1.000000
vt 0.625000 1.000000
vt 0.125000 0.500000
vt 0.125000 0.750000
vt 0.875000 0.750000
vt 0.875000 0.500000
vn 0.9422 0.0255 -0.3341
vn -0.0184 0.9995 0.0241
vn -0.9422 -0.0255 0.3341
vn 0.0184 -0.9995 -0.0241
vn -0.3346 0.0166 -0.9422
vn 0.3346 -0.0166 0.9422
usemtl None
s off
f 65/113/49 67/114/49 68/115/49 66/116/49
f 67/114/50 71/117/50 72/118/50 68/115/50
f 71/117/51 69/119/51 70/120/51 72/118/51
f 69/119/52 65/121/52 66/122/52 70/120/52
f 67/123/53 65/124/53 69/119/53 71/117/53
f 72/118/54 70/120/54 66/125/54 68/126/54
o Cube.009_Cube.010
v -0.084576 0.003418 -0.005027
v -0.082340 0.000854 0.004542
v -0.003943 0.084009 -0.002276
v -0.001707 0.081445 0.007293
v -0.135989 0.053984 0.020537
v -0.133753 0.051420 0.030106
v -0.055356 0.134575 0.023288
v -0.053120 0.132011 0.032857
vt 0.375000 0.000000
vt 0.375000 0.250000
vt 0.625000 0.250000
vt 0.625000 0.000000
vt 0.375000 0.500000
vt 0.625000 0.500000
vt 0.375000 0.750000
vt 0.625000 0.750000
vt 0.375000 1.000000
vt 0.625000 1.000000
vt 0.125000 0.500000
vt 0.125000 0.750000
vt 0.875000 0.750000
vt 0.875000 0.500000
vn 0.6720 -0.6609 -0.3341
vn 0.7071 0.7067 0.0241
vn -0.6720 0.6609 0.3341
vn -0.7071 -0.7067 -0.0241
vn -0.2202 0.2525 -0.9422
vn 0.2202 -0.2525 0.9422
usemtl None
s off
f 73/127/55 75/128/55 76/129/55 74/130/55
f 75/128/56 79/131/56 80/132/56 76/129/56
f 79/131/57 77/133/57 78/134/57 80/132/57
f 77/133/58 73/135/58 74/136/58 78/134/58
f 75/137/59 73/138/59 77/133/59 79/131/59
f 80/132/60 78/134/60 74/139/60 76/140/60
