# Blender v3.2.2 OBJ File: 'ceramic_bowl.blend'
# www.blender.org
mtllib ceramic_bowl_col.mtl
o Cube_Cube.001
v 0.034557 -0.032894 0.008495
v 0.034557 -0.032894 0.001120
v -0.034557 -0.032894 0.008495
v -0.034557 -0.032894 0.001120
v 0.034557 0.033241 0.008495
v 0.034557 0.033241 0.001120
v -0.034557 0.033241 0.008495
v -0.034557 0.033241 0.001120
vt 0.375000 0.000000
vt 0.375000 0.250000
vt 0.625000 0.250000
vt 0.625000 0.000000
vt 0.375000 0.500000
vt 0.625000 0.500000
vt 0.375000 0.750000
vt 0.625000 0.750000
vt 0.375000 1.000000
vt 0.625000 1.000000
vt 0.125000 0.500000
vt 0.125000 0.750000
vt 0.875000 0.750000
vt 0.875000 0.500000
vn 0.0000 -1.0000 0.0000
vn -1.0000 0.0000 0.0000
vn 0.0000 1.0000 0.0000
vn 1.0000 0.0000 0.0000
vn 0.0000 0.0000 1.0000
vn 0.0000 0.0000 -1.0000
usemtl None
s off
f 1/1/1 3/2/1 4/3/1 2/4/1
f 3/2/2 7/5/2 8/6/2 4/3/2
f 7/5/3 5/7/3 6/8/3 8/6/3
f 5/7/4 1/9/4 2/10/4 6/8/4
f 3/11/5 1/12/5 5/7/5 7/5/5
f 8/6/6 6/8/6 2/13/6 4/14/6
o Cube.001_Cube.013
v 0.014035 0.032719 0.006029
v 0.014035 0.033710 0.004258
v -0.014308 0.032719 0.006029
v -0.014308 0.033710 0.004258
v 0.014035 0.062318 0.022574
v 0.014035 0.063309 0.020803
v -0.014308 0.062318 0.022574
v -0.014308 0.063309 0.020803
vt 0.375000 0.000000
vt 0.375000 0.250000
vt 0.625000 0.250000
vt 0.625000 0.000000
vt 0.375000 0.500000
vt 0.625000 0.500000
vt 0.375000 0.750000
vt 0.625000 0.750000
vt 0.375000 1.000000
vt 0.625000 1.000000
vt 0.125000 0.500000
vt 0.125000 0.750000
vt 0.875000 0.750000
vt 0.875000 0.500000
vn 0.0000 -0.8729 -0.4879
vn -1.0000 0.0000 0.0000
vn 0.0000 0.8729 0.4879
vn 1.0000 0.0000 0.0000
vn 0.0000 -0.4879 0.8729
vn 0.0000 0.4879 -0.8729
usemtl None
s off
f 9/15/7 11/16/7 12/17/7 10/18/7
f 11/16/8 15/19/8 16/20/8 12/17/8
f 15/19/9 13/21/9 14/22/9 16/20/9
f 13/21/10 9/23/10 10/24/10 14/22/10
f 11/25/11 9/26/11 13/21/11 15/19/11
f 16/20/12 14/22/12 10/27/12 12/28/12
o Cube.002_Cube.014
v -0.001585 0.035529 0.006248
v -0.002018 0.036432 0.004482
v -0.027107 0.023202 0.006207
v -0.027540 0.024104 0.004442
v -0.014437 0.062081 0.022972
v -0.014870 0.062983 0.021207
v -0.039958 0.049754 0.022931
v -0.040391 0.050656 0.021166
vt 0.375000 0.000000
vt 0.375000 0.250000
vt 0.625000 0.250000
vt 0.625000 0.000000
vt 0.375000 0.500000
vt 0.625000 0.500000
vt 0.375000 0.750000
vt 0.625000 0.750000
vt 0.375000 1.000000
vt 0.625000 1.000000
vt 0.125000 0.500000
vt 0.125000 0.750000
vt 0.875000 0.750000
vt 0.875000 0.500000
vn 0.3790 -0.7830 -0.4932
vn -0.9005 -0.4349 -0.0014
vn -0.3790 0.7830 0.4932
vn 0.9005 0.4349 0.0014
vn 0.2134 -0.4447 0.8699
vn -0.2134 0.4447 -0.8699
usemtl None
s off
f 17/29/13 19/30/13 20/31/13 18/32/13
f 19/30/14 23/33/14 24/34/14 20/31/14
f 23/33/15 21/35/15 22/36/15 24/34/15
f 21/35/16 17/37/16 18/38/16 22/36/16
f 19/39/17 17/40/17 21/35/17 23/33/17
f 24/34/18 22/36/18 18/41/18 20/42/18
o Cube.003_Cube.015
v -0.016436 0.031497 0.006455
v -0.017212 0.032143 0.004694
v -0.034362 0.009544 0.006307
v -0.035138 0.010190 0.004546
v -0.039279 0.050036 0.023318
v -0.040054 0.050682 0.021557
v -0.057205 0.028083 0.023170
v -0.057981 0.028729 0.021410
vt 0.375000 0.000000
vt 0.375000 0.250000
vt 0.625000 0.250000
vt 0.625000 0.000000
vt 0.375000 0.500000
vt 0.625000 0.500000
vt 0.375000 0.750000
vt 0.625000 0.750000
vt 0.375000 1.000000
vt 0.625000 1.000000
vt 0.125000 0.500000
vt 0.125000 0.750000
vt 0.875000 0.750000
vt 0.875000 0.500000
vn 0.6736 -0.5467 -0.4973
vn -0.6325 -0.7746 -0.0052
vn -0.6736 0.5467 0.4973
vn 0.6325 0.7746 0.0052
vn 0.3823 -0.3180 0.8676
vn -0.3823 0.3180 -0.8676
usemtl None
s off
f 25/43/19 27/44/19 28/45/19 26/46/19
f 27/44/20 31/47/20 32/48/20 28/45/20
f 31/47/21 29/49/21 30/50/21 32/48/21
f 29/49/22 25/51/22 26/52/22 30/50/22
f 27/53/23 25/54/23 29/49/23 31/47/23
f 32/48/24 30/50/24 26/55/24 28/56/24
o Cube.004_Cube.016
v -0.028269 0.021469 0.006619
v -0.029248 0.021733 0.004861
v -0.035149 -0.006025 0.006316
v -0.036128 -0.005760 0.004559
v -0.056808 0.028424 0.023560
v -0.057787 0.028688 0.021803
v -0.063688 0.000930 0.023258
v -0.064667 0.001194 0.021500
vt 0.375000 0.000000
vt 0.375000 0.250000
vt 0.625000 0.250000
vt 0.625000 0.000000
vt 0.375000 0.500000
vt 0.625000 0.500000
vt 0.375000 0.750000
vt 0.625000 0.750000
vt 0.375000 1.000000
vt 0.625000 1.000000
vt 0.125000 0.500000
vt 0.125000 0.750000
vt 0.875000 0.750000
vt 0.875000 0.500000
vn 0.8416 -0.2051 -0.4996
vn -0.2427 -0.9700 -0.0107
vn -0.8416 0.2051 0.4996
vn 0.2427 0.9700 0.0107
vn 0.4825 -0.1302 0.8662
vn -0.4825 0.1302 -0.8662
usemtl None
s off
f 33/57/25 35/58/25 36/59/25 34/60/25
f 35/58/26 39/61/26 40/62/26 36/59/26
f 39/61/27 37/63/27 38/64/27 40/62/27
f 37/63/28 33/65/28 34/66/28 38/64/28
f 35/67/29 33/68/29 37/63/29 39/61/29
f 40/62/30 38/64/30 34/69/30 36/70/30
o Cube.005_Cube.017
v -0.034645 0.007731 0.006619
v -0.035645 0.007564 0.004861
v -0.029439 -0.020127 0.006316
v -0.030439 -0.020295 0.004559
v -0.063486 0.002157 0.023560
v -0.064486 0.001990 0.021803
v -0.058279 -0.025701 0.023258
v -0.059279 -0.025869 0.021500
vt 0.375000 0.000000
vt 0.375000 0.250000
vt 0.625000 0.250000
vt 0.625000 0.000000
vt 0.375000 0.500000
vt 0.625000 0.500000
vt 0.375000 0.750000
vt 0.625000 0.750000
vt 0.375000 1.000000
vt 0.625000 1.000000
vt 0.125000 0.500000
vt 0.125000 0.750000
vt 0.875000 0.750000
vt 0.875000 0.500000
vn 0.8505 0.1644 -0.4996
vn 0.1837 -0.9829 -0.0107
vn -0.8505 -0.1644 0.4996
vn -0.1837 0.9829 0.0107
vn 0.4928 0.0827 0.8662
vn -0.4928 -0.0827 -0.8662
usemtl None
s off
f 41/71/31 43/72/31 44/73/31 42/74/31
f 43/72/32 47/75/32 48/76/32 44/73/32
f 47/75/33 45/77/33 46/78/33 48/76/33
f 45/77/34 41/79/34 42/80/34 46/78/34
f 43/81/35 41/82/35 45/77/35 47/75/35
f 48/76/36 46/78/36 42/83/36 44/84/36
o Cube.006_Cube.018
v -0.034593 -0.007963 0.006619
v -0.035423 -0.008546 0.004861
v -0.017882 -0.030854 0.006316
v -0.018712 -0.031437 0.004559
v -0.058211 -0.025428 0.023560
v -0.059041 -0.026011 0.021803
v -0.041500 -0.048319 0.023258
v -0.042330 -0.048902 0.021500
vt 0.375000 0.000000
vt 0.375000 0.250000
vt 0.625000 0.250000
vt 0.625000 0.000000
vt 0.375000 0.500000
vt 0.625000 0.500000
vt 0.375000 0.750000
vt 0.625000 0.750000
vt 0.375000 1.000000
vt 0.625000 1.000000
vt 0.125000 0.500000
vt 0.125000 0.750000
vt 0.875000 0.750000
vt 0.875000 0.500000
vn 0.6965 0.5151 -0.4996
vn 0.5896 -0.8076 -0.0107
vn -0.6965 -0.5151 0.4996
vn -0.5896 0.8076 0.0107
vn 0.4090 0.2871 0.8662
vn -0.4090 -0.2871 -0.8662
usemtl None
s off
f 49/85/37 51/86/37 52/87/37 50/88/37
f 51/86/38 55/89/38 56/90/38 52/87/38
f 55/89/39 53/91/39 54/92/39 56/90/39
f 53/91/40 49/93/40 50/94/40 54/92/40
f 51/95/41 49/96/41 53/91/41 55/89/41
f 56/90/42 54/92/42 50/97/42 52/98/42
o Cube.007_Cube.019
v -0.027671 -0.022235 0.006619
v -0.028164 -0.023121 0.004861
v -0.002659 -0.035562 0.006316
v -0.003152 -0.036448 0.004559
v -0.041324 -0.048243 0.023560
v -0.041818 -0.049129 0.021803
v -0.016312 -0.061570 0.023258
v -0.016806 -0.062456 0.021500
vt 0.375000 0.000000
vt 0.375000 0.250000
vt 0.625000 0.250000
vt 0.625000 0.000000
vt 0.375000 0.500000
vt 0.625000 0.500000
vt 0.375000 0.750000
vt 0.625000 0.750000
vt 0.375000 1.000000
vt 0.625000 1.000000
vt 0.125000 0.500000
vt 0.125000 0.750000
vt 0.875000 0.750000
vt 0.875000 0.500000
vn 0.4026 0.7670 -0.4996
vn 0.8825 -0.4702 -0.0107
vn -0.4026 -0.7670 0.4996
vn -0.8825 0.4702 0.0107
vn 0.2431 0.4366 0.8662
vn -0.2431 -0.4366 -0.8662
usemtl None
s off
f 57/99/43 59/100/43 60/101/43 58/102/43
f 59/100/44 63/103/44 64/104/44 60/101/44
f 63/103/45 61/105/45 62/106/45 64/104/45
f 61/105/46 57/107/46 58/108/46 62/106/46
f 59/109/47 57/110/47 61/105/47 63/103/47
f 64/104/48 62/106/48 58/111/48 60/112/48
o Cube.008_Cube.020
v -0.015332 -0.032016 0.006619
v -0.015394 -0.033028 0.004861
v 0.012984 -0.033214 0.006316
v 0.012922 -0.034226 0.004559
v -0.016393 -0.061370 0.023560
v -0.016455 -0.062383 0.021803
v 0.011922 -0.062569 0.023258
v 0.011861 -0.063581 0.021500
vt 0.375000 0.000000
vt 0.375000 0.250000
vt 0.625000 0.250000
vt 0.625000 0.000000
vt 0.375000 0.500000
vt 0.625000 0.500000
vt 0.375000 0.750000
vt 0.625000 0.750000
vt 0.375000 1.000000
vt 0.625000 1.000000
vt 0.125000 0.500000
vt 0.125000 0.750000
vt 0.875000 0.750000
vt 0.875000 0.500000
vn 0.0313 0.8657 -0.4996
vn 0.9990 -0.0423 -0.0107
vn -0.0313 -0.8657 0.4996
vn -0.9990 0.0423 0.0107
vn 0.0304 0.4988 0.8662
vn -0.0304 -0.4988 -0.8662
usemtl None
s off
f 65/113/49 67/114/49 68/115/49 66/116/49
f 67/114/50 71/117/50 72/118/50 68/115/50
f 71/117/51 69/119/51 70/120/51 72/118/51
f 69/119/52 65/121/52 66/122/52 70/120/52
f 67/123/53 65/124/53 69/119/53 71/117/53
f 72/118/54 70/120/54 66/125/54 68/126/54
o Cube.009_Cube.021
v 0.000178 -0.035497 0.006619
v 0.000564 -0.036435 0.004861
v 0.026178 -0.024217 0.006316
v 0.026564 -0.025155 0.004559
v 0.012034 -0.062372 0.023560
v 0.012420 -0.063310 0.021803
v 0.038034 -0.051092 0.023258
v 0.038420 -0.052030 0.021500
vt 0.375000 0.000000
vt 0.375000 0.250000
vt 0.625000 0.250000
vt 0.625000 0.000000
vt 0.375000 0.500000
vt 0.625000 0.500000
vt 0.375000 0.750000
vt 0.625000 0.750000
vt 0.375000 1.000000
vt 0.625000 1.000000
vt 0.125000 0.500000
vt 0.125000 0.750000
vt 0.875000 0.750000
vt 0.875000 0.500000
vn -0.3496 0.7925 -0.4996
vn 0.9173 0.3980 -0.0107
vn 0.3496 -0.7925 0.4996
vn -0.9173 -0.3980 0.0107
vn -0.1904 0.4620 0.8662
vn 0.1904 -0.4620 -0.8662
usemtl None
s off
f 73/127/55 75/128/55 76/129/55 74/130/55
f 75/128/56 79/131/56 80/132/56 76/129/56
f 79/131/57 77/133/57 78/134/57 80/132/57
f 77/133/58 73/135/58 74/136/58 78/134/58
f 75/137/59 73/138/59 77/133/59 79/131/59
f 80/132/60 78/134/60 74/139/60 76/140/60
o Cube.010_Cube.022
v 0.015219 -0.032070 0.006619
v 0.015966 -0.032755 0.004861
v 0.033978 -0.010826 0.006316
v 0.034726 -0.011511 0.004559
v 0.037356 -0.051377 0.023560
v 0.038103 -0.052063 0.021803
v 0.056116 -0.030134 0.023258
v 0.056863 -0.030819 0.021500
vt 0.375000 0.000000
vt 0.375000 0.250000
vt 0.625000 0.250000
vt 0.625000 0.000000
vt 0.375000 0.500000
vt 0.625000 0.500000
vt 0.375000 0.750000
vt 0.625000 0.750000
vt 0.375000 1.000000
vt 0.625000 1.000000
vt 0.125000 0.500000
vt 0.125000 0.750000
vt 0.875000 0.750000
vt 0.875000 0.500000
vn -0.6528 0.5694 -0.4996
vn 0.6619 0.7495 -0.0107
vn 0.6528 -0.5694 0.4996
vn -0.6619 -0.7495 0.0107
vn -0.3684 0.3377 0.8662
vn 0.3684 -0.3377 -0.8662
usemtl None
s off
f 81/141/61 83/142/61 84/143/61 82/144/61
f 83/142/62 87/145/62 88/146/62 84/143/62
f 87/145/63 85/147/63 86/148/63 88/146/63
f 85/147/64 81/149/64 82/150/64 86/148/64
f 83/151/65 81/152/65 85/147/65 87/145/65
f 88/146/66 86/148/66 82/153/66 84/154/66
o Cube.011_Cube.023
v 0.027480 -0.022471 0.006619
v 0.028449 -0.022770 0.004861
v 0.035343 0.004758 0.006316
v 0.036312 0.004458 0.004559
v 0.055750 -0.030447 0.023560
v 0.056719 -0.030746 0.021803
v 0.063613 -0.003218 0.023258
v 0.064582 -0.003518 0.021500
vt 0.375000 0.000000
vt 0.375000 0.250000
vt 0.625000 0.250000
vt 0.625000 0.000000
vt 0.375000 0.500000
vt 0.625000 0.500000
vt 0.375000 0.750000
vt 0.625000 0.750000
vt 0.375000 1.000000
vt 0.625000 1.000000
vt 0.125000 0.500000
vt 0.125000 0.750000
vt 0.875000 0.750000
vt 0.875000 0.500000
vn -0.8337 0.2352 -0.4996
vn 0.2774 0.9607 -0.0107
vn 0.8337 -0.2352 0.4996
vn -0.2774 -0.9607 0.0107
vn -0.4775 0.1475 0.8662
vn 0.4775 -0.1475 -0.8662
usemtl None
s off
f 89/155/67 91/156/67 92/157/67 90/158/67
f 91/156/68 95/159/68 96/160/68 92/157/68
f 95/159/69 93/161/69 94/162/69 96/160/69
f 93/161/70 89/163/70 90/164/70 94/162/70
f 91/165/71 89/166/71 93/161/71 95/159/71
f 96/160/72 94/162/72 90/167/72 92/168/72
o Cube.012_Cube.024
v 0.027480 -0.022471 0.006619
v 0.028449 -0.022770 0.004861
v 0.035343 0.004758 0.006316
v 0.036312 0.004458 0.004559
v 0.055750 -0.030447 0.023560
v 0.056719 -0.030746 0.021803
v 0.063613 -0.003218 0.023258
v 0.064582 -0.003518 0.021500
vt 0.375000 0.000000
vt 0.375000 0.250000
vt 0.625000 0.250000
vt 0.625000 0.000000
vt 0.375000 0.500000
vt 0.625000 0.500000
vt 0.375000 0.750000
vt 0.625000 0.750000
vt 0.375000 1.000000
vt 0.625000 1.000000
vt 0.125000 0.500000
vt 0.125000 0.750000
vt 0.875000 0.750000
vt 0.875000 0.500000
vn -0.8337 0.2352 -0.4996
vn 0.2774 0.9607 -0.0107
vn 0.8337 -0.2352 0.4996
vn -0.2774 -0.9607 0.0107
vn -0.4775 0.1475 0.8662
vn 0.4775 -0.1475 -0.8662
usemtl None
s off
f 97/169/73 99/170/73 100/171/73 98/172/73
f 99/170/74 103/173/74 104/174/74 100/171/74
f 103/173/75 101/175/75 102/176/75 104/174/75
f 101/175/76 97/177/76 98/178/76 102/176/76
f 99/179/77 97/180/77 101/175/77 103/173/77
f 104/174/78 102/176/78 98/181/78 100/182/78
o Cube.013_Cube.025
v 0.032641 -0.013951 0.006619
v 0.033655 -0.013969 0.004861
v 0.032629 0.014391 0.006316
v 0.033643 0.014372 0.004559
v 0.062015 -0.013757 0.023560
v 0.063029 -0.013775 0.021803
v 0.062002 0.014584 0.023258
v 0.063016 0.014566 0.021500
vt 0.375000 0.000000
vt 0.375000 0.250000
vt 0.625000 0.250000
vt 0.625000 0.000000
vt 0.375000 0.500000
vt 0.625000 0.500000
vt 0.375000 0.750000
vt 0.625000 0.750000
vt 0.375000 1.000000
vt 0.625000 1.000000
vt 0.125000 0.500000
vt 0.125000 0.750000
vt 0.875000 0.750000
vt 0.875000 0.500000
vn -0.8662 -0.0057 -0.4996
vn -0.0004 0.9999 -0.0107
vn 0.8662 0.0057 0.4996
vn 0.0004 -0.9999 0.0107
vn -0.4996 0.0090 0.8662
vn 0.4996 -0.0090 -0.8662
usemtl None
s off
f 105/183/79 107/184/79 108/185/79 106/186/79
f 107/184/80 111/187/80 112/188/80 108/185/80
f 111/187/81 109/189/81 110/190/81 112/188/81
f 109/189/82 105/191/82 106/192/82 110/190/82
f 107/193/83 105/194/83 109/189/83 111/187/83
f 112/188/84 110/190/84 106/195/84 108/196/84
o Cube.014_Cube.026
v 0.035487 0.000880 0.006619
v 0.036416 0.001285 0.004861
v 0.023695 0.026652 0.006316
v 0.024624 0.027056 0.004559
v 0.062122 0.013266 0.023560
v 0.063051 0.013671 0.021803
v 0.050330 0.039037 0.023258
v 0.051259 0.039442 0.021500
vt 0.375000 0.000000
vt 0.375000 0.250000
vt 0.625000 0.250000
vt 0.625000 0.000000
vt 0.375000 0.500000
vt 0.625000 0.500000
vt 0.375000 0.750000
vt 0.625000 0.750000
vt 0.375000 1.000000
vt 0.625000 1.000000
vt 0.125000 0.500000
vt 0.125000 0.750000
vt 0.875000 0.750000
vt 0.875000 0.500000
vn -0.7855 -0.3653 -0.4996
vn -0.4160 0.9093 -0.0107
vn 0.7855 0.3653 0.4996
vn 0.4160 -0.9093 0.0107
vn -0.4582 -0.1995 0.8662
vn 0.4582 0.1995 -0.8662
usemtl None
s off
f 113/197/85 115/198/85 116/199/85 114/200/85
f 115/198/86 119/201/86 120/202/86 116/199/86
f 119/201/87 117/203/87 118/204/87 120/202/87
f 117/203/88 113/205/88 114/206/88 118/204/88
f 115/207/89 113/208/89 117/203/89 119/201/89
f 120/202/90 118/204/90 114/209/90 116/210/90
o Cube.015_Cube.027
v 0.031792 0.015791 0.006619
v 0.032463 0.016551 0.004861
v 0.010215 0.034167 0.006316
v 0.010887 0.034927 0.004559
v 0.050699 0.038271 0.023560
v 0.051371 0.039031 0.021803
v 0.029122 0.056647 0.023258
v 0.029794 0.057407 0.021500
vt 0.375000 0.000000
vt 0.375000 0.250000
vt 0.625000 0.250000
vt 0.625000 0.000000
vt 0.375000 0.500000
vt 0.625000 0.500000
vt 0.375000 0.750000
vt 0.625000 0.750000
vt 0.375000 1.000000
vt 0.625000 1.000000
vt 0.125000 0.500000
vt 0.125000 0.750000
vt 0.875000 0.750000
vt 0.875000 0.500000
vn -0.5576 -0.6629 -0.4996
vn -0.7613 0.6483 -0.0107
vn 0.5576 0.6629 0.4996
vn 0.7613 -0.6483 0.0107
vn -0.3310 -0.3744 0.8662
vn 0.3310 0.3744 -0.8662
usemtl None
s off
f 121/211/91 123/212/91 124/213/91 122/214/91
f 123/212/92 127/215/92 128/216/92 124/213/92
f 127/215/93 125/217/93 126/218/93 128/216/93
f 125/217/94 121/219/94 122/220/94 126/218/94
f 123/221/95 121/222/95 125/217/95 127/215/95
f 128/216/96 126/218/96 122/223/96 124/224/96
o Cube.016_Cube.028
v 0.024535 0.025654 0.006619
v 0.024909 0.026596 0.004861
v -0.002002 0.035605 0.006316
v -0.001628 0.036548 0.004559
v 0.034680 0.053220 0.023560
v 0.035053 0.054163 0.021803
v 0.008143 0.063172 0.023258
v 0.008517 0.064115 0.021500
vt 0.375000 0.000000
vt 0.375000 0.250000
vt 0.625000 0.250000
vt 0.625000 0.000000
vt 0.375000 0.500000
vt 0.625000 0.500000
vt 0.375000 0.750000
vt 0.625000 0.750000
vt 0.375000 1.000000
vt 0.625000 1.000000
vt 0.125000 0.500000
vt 0.125000 0.750000
vt 0.875000 0.750000
vt 0.875000 0.500000
vn -0.2992 -0.8129 -0.4996
vn -0.9363 0.3511 -0.0107
vn 0.2992 0.8129 0.4996
vn 0.9363 -0.3511 0.0107
vn -0.1841 -0.4646 0.8662
vn 0.1841 0.4646 -0.8662
usemtl None
s off
f 129/225/97 131/226/97 132/227/97 130/228/97
f 131/226/98 135/229/98 136/230/98 132/227/98
f 135/229/99 133/231/99 134/232/99 136/230/99
f 133/231/100 129/233/100 130/234/100 134/232/100
f 131/235/101 129/236/101 133/231/101 135/229/101
f 136/230/102 134/232/102 130/237/102 132/238/102
o Cube.017_Cube.029
v 0.014024 0.062471 0.021536
v 0.014024 0.066155 0.020446
v -0.014319 0.062471 0.021536
v -0.014319 0.066155 0.020446
v 0.014024 0.076836 0.070096
v 0.014024 0.080521 0.069006
v -0.014319 0.076836 0.070096
v -0.014319 0.080521 0.069006
vt 0.375000 0.000000
vt 0.375000 0.250000
vt 0.625000 0.250000
vt 0.625000 0.000000
vt 0.375000 0.500000
vt 0.625000 0.500000
vt 0.375000 0.750000
vt 0.625000 0.750000
vt 0.375000 1.000000
vt 0.625000 1.000000
vt 0.125000 0.500000
vt 0.125000 0.750000
vt 0.875000 0.750000
vt 0.875000 0.500000
vn 0.0000 -0.2837 -0.9589
vn -1.0000 0.0000 0.0000
vn 0.0000 0.2837 0.9589
vn 1.0000 0.0000 0.0000
vn 0.0000 -0.9589 0.2837
vn 0.0000 0.9589 -0.2837
usemtl None
s off
f 137/239/103 139/240/103 140/241/103 138/242/103
f 139/240/104 143/243/104 144/244/104 140/241/104
f 143/243/105 141/245/105 142/246/105 144/244/105
f 141/245/106 137/247/106 138/248/106 142/246/106
f 139/249/107 137/250/107 141/245/107 143/243/107
f 144/244/108 142/246/108 138/251/108 140/252/108
o Cube.018_Cube.030
v -0.009676 0.063290 0.021536
v -0.011017 0.066722 0.020446
v -0.036075 0.052974 0.021536
v -0.037416 0.056405 0.020446
v -0.014905 0.076670 0.070096
v -0.016246 0.080102 0.069006
v -0.041304 0.066354 0.070096
v -0.042645 0.069786 0.069006
vt 0.375000 0.000000
vt 0.375000 0.250000
vt 0.625000 0.250000
vt 0.625000 0.000000
vt 0.375000 0.500000
vt 0.625000 0.500000
vt 0.375000 0.750000
vt 0.625000 0.750000
vt 0.375000 1.000000
vt 0.625000 1.000000
vt 0.125000 0.500000
vt 0.125000 0.750000
vt 0.875000 0.750000
vt 0.875000 0.500000
vn 0.1033 -0.2642 -0.9589
vn -0.9314 -0.3640 -0.0000
vn -0.1033 0.2642 0.9589
vn 0.9314 0.3640 0.0000
vn 0.3490 -0.8931 0.2837
vn -0.3490 0.8931 -0.2837
usemtl None
s off
f 145/253/109 147/254/109 148/255/109 146/256/109
f 147/254/110 151/257/110 152/258/110 148/255/110
f 151/257/111 149/259/111 150/260/111 152/258/111
f 149/259/112 145/261/112 146/262/112 150/260/112
f 147/263/113 145/264/113 149/259/113 151/257/113
f 152/258/114 150/260/114 146/265/114 148/266/114
o Cube.019_Cube.031
v -0.031596 0.055686 0.021536
v -0.034072 0.058415 0.020446
v -0.052585 0.036639 0.021536
v -0.055061 0.039368 0.020446
v -0.041250 0.066324 0.070096
v -0.043726 0.069053 0.069006
v -0.062239 0.047277 0.070096
v -0.064715 0.050006 0.069006
vt 0.375000 0.000000
vt 0.375000 0.250000
vt 0.625000 0.250000
vt 0.625000 0.000000
vt 0.375000 0.500000
vt 0.625000 0.500000
vt 0.375000 0.750000
vt 0.625000 0.750000
vt 0.375000 1.000000
vt 0.625000 1.000000
vt 0.125000 0.500000
vt 0.125000 0.750000
vt 0.875000 0.750000
vt 0.875000 0.500000
vn 0.1906 -0.2101 -0.9589
vn -0.7405 -0.6720 0.0000
vn -0.1906 0.2101 0.9589
vn 0.7405 0.6720 0.0000
vn 0.6444 -0.7101 0.2837
vn -0.6444 0.7101 -0.2837
usemtl None
s off
f 153/267/115 155/268/115 156/269/115 154/270/115
f 155/268/116 159/271/116 160/272/116 156/269/116
f 159/271/117 157/273/117 158/274/117 160/272/117
f 157/273/118 153/275/118 154/276/118 158/274/118
f 155/277/119 153/278/119 157/273/119 159/271/119
f 160/272/120 158/274/120 154/279/120 156/280/120
o Cube.020_Cube.032
v -0.049517 0.040587 0.021536
v -0.052809 0.042242 0.020446
v -0.062246 0.015264 0.021536
v -0.065539 0.016919 0.020446
v -0.062352 0.047039 0.070096
v -0.065644 0.048694 0.069006
v -0.075081 0.021716 0.070096
v -0.078374 0.023371 0.069006
vt 0.375000 0.000000
vt 0.375000 0.250000
vt 0.625000 0.250000
vt 0.625000 0.000000
vt 0.375000 0.500000
vt 0.625000 0.500000
vt 0.375000 0.750000
vt 0.625000 0.750000
vt 0.375000 1.000000
vt 0.625000 1.000000
vt 0.125000 0.500000
vt 0.125000 0.750000
vt 0.875000 0.750000
vt 0.875000 0.500000
vn 0.2535 -0.1274 -0.9589
vn -0.4491 -0.8935 0.0000
vn -0.2535 0.1274 0.9589
vn 0.4491 0.8935 0.0000
vn 0.8568 -0.4307 0.2837
vn -0.8568 0.4307 -0.2837
usemtl None
s off
f 161/281/121 163/282/121 164/283/121 162/284/121
f 163/282/122 167/285/122 168/286/122 164/283/122
f 167/285/123 165/287/123 166/288/123 168/286/123
f 165/287/124 161/289/124 162/290/124 166/288/124
f 163/291/125 161/292/125 165/287/125 167/285/125
f 168/286/126 166/288/126 162/293/126 164/294/126
o Cube.021_Cube.033
v -0.060760 0.020184 0.021536
v -0.064427 0.020552 0.020446
v -0.063587 -0.008017 0.021536
v -0.067253 -0.007650 0.020446
v -0.075054 0.021617 0.070096
v -0.078721 0.021985 0.069006
v -0.077881 -0.006585 0.070096
v -0.081547 -0.006217 0.069006
vt 0.375000 0.000000
vt 0.375000 0.250000
vt 0.625000 0.250000
vt 0.625000 0.000000
vt 0.375000 0.500000
vt 0.625000 0.500000
vt 0.375000 0.750000
vt 0.625000 0.750000
vt 0.375000 1.000000
vt 0.625000 1.000000
vt 0.125000 0.500000
vt 0.125000 0.750000
vt 0.875000 0.750000
vt 0.875000 0.500000
vn 0.2823 -0.0283 -0.9589
vn -0.0997 -0.9950 -0.0000
vn -0.2823 0.0283 0.9589
vn 0.0997 0.9950 0.0000
vn 0.9541 -0.0956 0.2837
vn -0.9541 0.0956 -0.2837
usemtl None
s off
f 169/295/127 171/296/127 172/297/127 170/298/127
f 171/296/128 175/299/128 176/300/128 172/297/128
f 175/299/129 173/301/129 174/302/129 176/300/129
f 173/301/130 169/303/130 170/304/130 174/302/130
f 171/305/131 169/306/131 173/301/131 175/299/131
f 176/300/132 174/302/132 170/307/132 172/308/132
o Cube.022_Cube.034
v -0.063985 -0.002278 0.021536
v -0.067549 -0.003212 0.020446
v -0.056797 -0.029694 0.021536
v -0.060361 -0.030628 0.020446
v -0.077881 -0.005921 0.070096
v -0.081445 -0.006855 0.069006
v -0.070693 -0.033337 0.070096
v -0.074257 -0.034272 0.069006
vt 0.375000 0.000000
vt 0.375000 0.250000
vt 0.625000 0.250000
vt 0.625000 0.000000
vt 0.375000 0.500000
vt 0.625000 0.500000
vt 0.375000 0.750000
vt 0.625000 0.750000
vt 0.375000 1.000000
vt 0.625000 1.000000
vt 0.125000 0.500000
vt 0.125000 0.750000
vt 0.875000 0.750000
vt 0.875000 0.500000
vn 0.2744 0.0719 -0.9589
vn 0.2536 -0.9673 0.0000
vn -0.2744 -0.0719 0.9589
vn -0.2536 0.9673 -0.0000
vn 0.9276 0.2432 0.2837
vn -0.9276 -0.2432 -0.2837
usemtl None
s off
f 177/309/133 179/310/133 180/311/133 178/312/133
f 179/310/134 183/313/134 184/314/134 180/311/134
f 183/313/135 181/315/135 182/316/135 184/314/135
f 181/315/136 177/317/136 178/318/136 182/316/136
f 179/319/137 177/320/137 181/315/137 183/313/137
f 184/314/138 182/316/138 178/321/138 180/322/138
o Cube.023_Cube.035
v -0.058955 -0.024970 0.021536
v -0.061951 -0.027116 0.020446
v -0.042453 -0.048014 0.021536
v -0.045449 -0.050159 0.020446
v -0.070635 -0.033334 0.070096
v -0.073631 -0.035480 0.069006
v -0.054133 -0.056378 0.070096
v -0.057129 -0.058523 0.069006
vt 0.375000 0.000000
vt 0.375000 0.250000
vt 0.625000 0.250000
vt 0.625000 0.000000
vt 0.375000 0.500000
vt 0.625000 0.500000
vt 0.375000 0.750000
vt 0.625000 0.750000
vt 0.375000 1.000000
vt 0.625000 1.000000
vt 0.125000 0.500000
vt 0.125000 0.750000
vt 0.875000 0.750000
vt 0.875000 0.500000
vn 0.2306 0.1652 -0.9589
vn 0.5822 -0.8130 0.0000
vn -0.2306 -0.1652 0.9589
vn -0.5822 0.8130 -0.0000
vn 0.7796 0.5583 0.2837
vn -0.7796 -0.5583 -0.2837
usemtl None
s off
f 185/323/139 187/324/139 188/325/139 186/326/139
f 187/324/140 191/327/140 192/328/140 188/325/140
f 191/327/141 189/329/141 190/330/141 192/328/141
f 189/329/142 185/331/142 186/332/142 190/330/142
f 187/333/143 185/334/143 189/329/143 191/327/143
f 192/328/144 190/330/144 186/335/144 188/336/144
o Cube.024_Cube.036
v -0.045986 -0.044548 0.021536
v -0.048006 -0.047629 0.020446
v -0.022285 -0.060091 0.021536
v -0.024306 -0.063173 0.020446
v -0.053864 -0.056561 0.070096
v -0.055884 -0.059642 0.069006
v -0.030163 -0.072104 0.070096
v -0.032184 -0.075185 0.069006
vt 0.375000 0.000000
vt 0.375000 0.250000
vt 0.625000 0.250000
vt 0.625000 0.000000
vt 0.375000 0.500000
vt 0.625000 0.500000
vt 0.375000 0.750000
vt 0.625000 0.750000
vt 0.375000 1.000000
vt 0.625000 1.000000
vt 0.125000 0.500000
vt 0.125000 0.750000
vt 0.875000 0.750000
vt 0.875000 0.500000
vn 0.1556 0.2372 -0.9589
vn 0.8362 -0.5484 0.0000
vn -0.1556 -0.2372 0.9589
vn -0.8362 0.5484 0.0000
vn 0.5259 0.8019 0.2837
vn -0.5259 -0.8019 -0.2837
usemtl None
s off
f 193/337/145 195/338/145 196/339/145 194/340/145
f 195/338/146 199/341/146 200/342/146 196/339/146
f 199/341/147 197/343/147 198/344/147 200/342/147
f 197/343/148 193/345/148 194/346/148 198/344/148
f 195/347/149 193/348/149 197/343/149 199/341/149
f 200/342/150 198/344/150 194/349/150 196/350/150
o Cube.025_Cube.037
v -0.027210 -0.057956 0.021536
v -0.028007 -0.061553 0.020446
v 0.000462 -0.064089 0.021536
v -0.000336 -0.067686 0.020446
v -0.030318 -0.071981 0.070096
v -0.031116 -0.075578 0.069006
v -0.002647 -0.078114 0.070096
v -0.003444 -0.081712 0.069006
vt 0.375000 0.000000
vt 0.375000 0.250000
vt 0.625000 0.250000
vt 0.625000 0.000000
vt 0.375000 0.500000
vt 0.625000 0.500000
vt 0.375000 0.750000
vt 0.625000 0.750000
vt 0.375000 1.000000
vt 0.625000 1.000000
vt 0.125000 0.500000
vt 0.125000 0.750000
vt 0.875000 0.750000
vt 0.875000 0.500000
vn 0.0614 0.2770 -0.9589
vn 0.9763 -0.2164 0.0000
vn -0.0614 -0.2770 0.9589
vn -0.9763 0.2164 -0.0000
vn 0.2075 0.9362 0.2837
vn -0.2075 -0.9362 -0.2837
usemtl None
s off
f 201/351/151 203/352/151 204/353/151 202/354/151
f 203/352/152 207/355/152 208/356/152 204/353/152
f 207/355/153 205/357/153 206/358/153 208/356/153
f 205/357/154 201/359/154 202/360/154 206/358/154
f 203/361/155 201/362/155 205/357/155 207/355/155
f 208/356/156 206/358/156 202/363/156 204/364/156
o Cube.026_Cube.038
v -0.004741 -0.063849 0.021536
v -0.004202 -0.067495 0.020446
v 0.023298 -0.059706 0.021536
v 0.023836 -0.063351 0.020446
v -0.002641 -0.078061 0.070096
v -0.002102 -0.081706 0.069006
v 0.025398 -0.073917 0.070096
v 0.025936 -0.077562 0.069006
vt 0.375000 0.000000
vt 0.375000 0.250000
vt 0.625000 0.250000
vt 0.625000 0.000000
vt 0.375000 0.500000
vt 0.625000 0.500000
vt 0.375000 0.750000
vt 0.625000 0.750000
vt 0.375000 1.000000
vt 0.625000 1.000000
vt 0.125000 0.500000
vt 0.125000 0.750000
vt 0.875000 0.750000
vt 0.875000 0.500000
vn -0.0415 0.2806 -0.9589
vn 0.9893 0.1462 0.0000
vn 0.0415 -0.2806 0.9589
vn -0.9893 -0.1462 0.0000
vn -0.1402 0.9486 0.2837
vn 0.1402 -0.9486 -0.2837
usemtl None
s off
f 209/365/157 211/366/157 212/367/157 210/368/157
f 211/366/158 215/369/158 216/370/158 212/367/158
f 215/369/159 213/371/159 214/372/159 216/370/159
f 213/371/160 209/373/160 210/374/160 214/372/160
f 211/375/161 209/376/161 213/371/161 215/369/161
f 216/370/162 214/372/162 210/377/162 212/378/162
o Cube.027_Cube.039
v 0.018499 -0.061295 0.021536
v 0.020310 -0.064503 0.020446
v 0.043180 -0.047361 0.021536
v 0.044992 -0.050570 0.020446
v 0.025561 -0.073804 0.070096
v 0.027373 -0.077013 0.069006
v 0.050243 -0.059871 0.070096
v 0.052054 -0.063079 0.069006
vt 0.375000 0.000000
vt 0.375000 0.250000
vt 0.625000 0.250000
vt 0.625000 0.000000
vt 0.375000 0.500000
vt 0.625000 0.500000
vt 0.375000 0.750000
vt 0.625000 0.750000
vt 0.375000 1.000000
vt 0.625000 1.000000
vt 0.125000 0.500000
vt 0.125000 0.750000
vt 0.875000 0.750000
vt 0.875000 0.500000
vn -0.1395 0.2470 -0.9589
vn 0.8708 0.4916 0.0000
vn 0.1395 -0.2470 0.9589
vn -0.8708 -0.4916 -0.0000
vn -0.4714 0.8350 0.2837
vn 0.4714 -0.8350 -0.2837
usemtl None
s off
f 217/379/163 219/380/163 220/381/163 218/382/163
f 219/380/164 223/383/164 224/384/164 220/381/164
f 223/383/165 221/385/165 222/386/165 224/384/165
f 221/385/166 217/387/166 218/388/166 222/386/166
f 219/389/167 217/390/167 221/385/167 223/383/167
f 224/384/168 222/386/168 218/391/168 220/392/168
o Cube.028_Cube.040
v 0.039096 -0.050703 0.021536
v 0.041930 -0.053057 0.020446
v 0.057205 -0.028900 0.021536
v 0.060039 -0.031254 0.020446
v 0.050147 -0.059881 0.070096
v 0.052981 -0.062236 0.069006
v 0.068256 -0.038078 0.070096
v 0.071090 -0.040433 0.069006
vt 0.375000 0.000000
vt 0.375000 0.250000
vt 0.625000 0.250000
vt 0.625000 0.000000
vt 0.375000 0.500000
vt 0.625000 0.500000
vt 0.375000 0.750000
vt 0.625000 0.750000
vt 0.375000 1.000000
vt 0.625000 1.000000
vt 0.125000 0.500000
vt 0.125000 0.750000
vt 0.875000 0.750000
vt 0.875000 0.500000
vn -0.2182 0.1813 -0.9589
vn 0.6389 0.7693 -0.0000
vn 0.2182 -0.1813 0.9589
vn -0.6389 -0.7693 0.0000
vn -0.7377 0.6127 0.2837
vn 0.7377 -0.6127 -0.2837
usemtl None
s off
f 225/393/169 227/394/169 228/395/169 226/396/169
f 227/394/170 231/397/170 232/398/170 228/395/170
f 231/397/171 229/399/171 230/400/171 232/398/171
f 229/399/172 225/401/172 226/402/172 230/400/172
f 227/403/173 225/404/173 229/399/173 231/397/173
f 232/398/174 230/400/174 226/405/174 228/406/174
o Cube.029_Cube.041
v 0.054871 -0.032991 0.021536
v 0.058368 -0.034152 0.020446
v 0.063800 -0.006092 0.021536
v 0.067297 -0.007252 0.020446
v 0.068505 -0.037517 0.070096
v 0.072002 -0.038678 0.069006
v 0.077434 -0.010617 0.070096
v 0.080931 -0.011778 0.069006
vt 0.375000 0.000000
vt 0.375000 0.250000
vt 0.625000 0.250000
vt 0.625000 0.000000
vt 0.375000 0.500000
vt 0.625000 0.500000
vt 0.375000 0.750000
vt 0.625000 0.750000
vt 0.375000 1.000000
vt 0.625000 1.000000
vt 0.125000 0.500000
vt 0.125000 0.750000
vt 0.875000 0.750000
vt 0.875000 0.500000
vn -0.2692 0.0894 -0.9589
vn 0.3150 0.9491 0.0000
vn 0.2692 -0.0894 0.9589
vn -0.3150 -0.9491 0.0000
vn -0.9101 0.3021 0.2837
vn 0.9101 -0.3021 -0.2837
usemtl None
s off
f 233/407/175 235/408/175 236/409/175 234/410/175
f 235/408/176 239/411/176 240/412/176 236/409/176
f 239/411/177 237/413/177 238/414/177 240/412/177
f 237/413/178 233/415/178 234/416/178 238/414/178
f 235/417/179 233/418/179 237/413/179 239/411/179
f 240/412/180 238/414/180 234/419/180 236/420/180
o Cube.030_Cube.042
v 0.062949 -0.011692 0.021536
v 0.066631 -0.011555 0.020446
v 0.061895 0.016631 0.021536
v 0.065577 0.016768 0.020446
v 0.077304 -0.011158 0.070096
v 0.080986 -0.011021 0.069006
v 0.076251 0.017165 0.070096
v 0.079933 0.017302 0.069006
vt 0.375000 0.000000
vt 0.375000 0.250000
vt 0.625000 0.250000
vt 0.625000 0.000000
vt 0.375000 0.500000
vt 0.625000 0.500000
vt 0.375000 0.750000
vt 0.625000 0.750000
vt 0.375000 1.000000
vt 0.625000 1.000000
vt 0.125000 0.500000
vt 0.125000 0.750000
vt 0.875000 0.750000
vt 0.875000 0.500000
vn -0.2835 -0.0105 -0.9589
vn -0.0372 0.9993 0.0000
vn 0.2835 0.0105 0.9589
vn 0.0372 -0.9993 0.0000
vn -0.9583 -0.0356 0.2837
vn 0.9583 0.0356 -0.2837
usemtl None
s off
f 241/421/181 243/422/181 244/423/181 242/424/181
f 243/422/182 247/425/182 248/426/182 244/423/182
f 247/425/183 245/427/183 246/428/183 248/426/183
f 245/427/184 241/429/184 242/430/184 246/428/184
f 243/431/185 241/432/185 245/427/185 247/425/185
f 248/426/186 246/428/186 242/433/186 244/434/186
o Cube.031_Cube.043
v 0.062949 -0.011692 0.021536
v 0.066631 -0.011555 0.020446
v 0.061895 0.016631 0.021536
v 0.065577 0.016768 0.020446
v 0.077304 -0.011158 0.070096
v 0.080986 -0.011021 0.069006
v 0.076251 0.017165 0.070096
v 0.079933 0.017302 0.069006
vt 0.375000 0.000000
vt 0.375000 0.250000
vt 0.625000 0.250000
vt 0.625000 0.000000
vt 0.375000 0.500000
vt 0.625000 0.500000
vt 0.375000 0.750000
vt 0.625000 0.750000
vt 0.375000 1.000000
vt 0.625000 1.000000
vt 0.125000 0.500000
vt 0.125000 0.750000
vt 0.875000 0.750000
vt 0.875000 0.500000
vn -0.2835 -0.0105 -0.9589
vn -0.0372 0.9993 0.0000
vn 0.2835 0.0105 0.9589
vn 0.0372 -0.9993 0.0000
vn -0.9583 -0.0356 0.2837
vn 0.9583 0.0356 -0.2837
usemtl None
s off
f 249/435/187 251/436/187 252/437/187 250/438/187
f 251/436/188 255/439/188 256/440/188 252/437/188
f 255/439/189 253/441/189 254/442/189 256/440/189
f 253/441/190 249/443/190 250/444/190 254/442/190
f 251/445/191 249/446/191 253/441/191 255/439/191
f 256/440/192 254/442/192 250/447/192 252/448/192
o Cube.032_Cube.044
v 0.063030 0.011244 0.021536
v 0.066428 0.012670 0.020446
v 0.052062 0.037379 0.021536
v 0.055459 0.038805 0.020446
v 0.076276 0.016803 0.070096
v 0.079674 0.018229 0.069006
v 0.065308 0.042938 0.070096
v 0.068706 0.044364 0.069006
vt 0.375000 0.000000
vt 0.375000 0.250000
vt 0.625000 0.250000
vt 0.625000 0.000000
vt 0.375000 0.500000
vt 0.625000 0.500000
vt 0.375000 0.750000
vt 0.625000 0.750000
vt 0.375000 1.000000
vt 0.625000 1.000000
vt 0.125000 0.500000
vt 0.125000 0.750000
vt 0.875000 0.750000
vt 0.875000 0.500000
vn -0.2616 -0.1098 -0.9589
vn -0.3870 0.9221 0.0000
vn 0.2616 0.1098 0.9589
vn 0.3870 -0.9221 0.0000
vn -0.8842 -0.3711 0.2837
vn 0.8842 0.3711 -0.2837
usemtl None
s off
f 257/449/193 259/450/193 260/451/193 258/452/193
f 259/450/194 263/453/194 264/454/194 260/451/194
f 263/453/195 261/455/195 262/456/195 264/454/195
f 261/455/196 257/457/196 258/458/196 262/456/196
f 259/459/197 257/460/197 261/455/197 263/453/197
f 264/454/198 262/456/198 258/461/198 260/462/198
o Cube.033_Cube.045
v 0.055016 0.032748 0.021536
v 0.057693 0.035281 0.020446
v 0.035537 0.053336 0.021536
v 0.038213 0.055869 0.020446
v 0.065451 0.042622 0.070096
v 0.068128 0.045154 0.069006
v 0.045971 0.063209 0.070096
v 0.048648 0.065742 0.069006
vt 0.375000 0.000000
vt 0.375000 0.250000
vt 0.625000 0.250000
vt 0.625000 0.000000
vt 0.375000 0.500000
vt 0.625000 0.500000
vt 0.375000 0.750000
vt 0.625000 0.750000
vt 0.375000 1.000000
vt 0.625000 1.000000
vt 0.125000 0.500000
vt 0.125000 0.750000
vt 0.875000 0.750000
vt 0.875000 0.500000
vn -0.2061 -0.1950 -0.9589
vn -0.6873 0.7264 -0.0000
vn 0.2061 0.1950 0.9589
vn 0.6873 -0.7264 0.0000
vn -0.6965 -0.6591 0.2837
vn 0.6965 0.6591 -0.2837
usemtl None
s off
f 265/463/199 267/464/199 268/465/199 266/466/199
f 267/464/200 271/467/200 272/468/200 268/465/200
f 271/467/201 269/469/201 270/470/201 272/468/201
f 269/469/202 265/471/202 266/472/202 270/470/202
f 267/473/203 265/474/203 269/469/203 271/467/203
f 272/468/204 270/470/204 266/475/204 268/476/204
o Cube.034_Cube.046
v 0.040116 0.049900 0.021536
v 0.041739 0.053207 0.020446
v 0.014673 0.062388 0.021536
v 0.016296 0.065696 0.020446
v 0.046446 0.062795 0.070096
v 0.048069 0.066103 0.069006
v 0.021003 0.075284 0.070096
v 0.022626 0.078592 0.069006
vt 0.375000 0.000000
vt 0.375000 0.250000
vt 0.625000 0.250000
vt 0.625000 0.000000
vt 0.375000 0.500000
vt 0.625000 0.500000
vt 0.375000 0.750000
vt 0.625000 0.750000
vt 0.375000 1.000000
vt 0.625000 1.000000
vt 0.125000 0.500000
vt 0.125000 0.750000
vt 0.875000 0.750000
vt 0.875000 0.500000
vn -0.1250 -0.2547 -0.9589
vn -0.8977 0.4406 0.0000
vn 0.1250 0.2547 0.9589
vn 0.8977 -0.4406 0.0000
vn -0.4225 -0.8608 0.2837
vn 0.4225 0.8608 -0.2837
usemtl None
s off
f 273/477/205 275/478/205 276/479/205 274/480/205
f 275/478/206 279/481/206 280/482/206 276/479/206
f 279/481/207 277/483/207 278/484/207 280/482/207
f 277/483/208 273/485/208 274/486/208 278/484/208
f 275/487/209 273/488/209 277/483/209 279/481/209
f 280/482/210 278/484/210 274/489/210 276/490/210
o Cube.035_Cube.047
v 0.007434 0.062455 0.021567
v 0.008251 0.065975 0.020498
v 0.020555 0.059409 0.021567
v 0.021372 0.062929 0.020498
v 0.010677 0.076425 0.070045
v 0.011494 0.079945 0.068976
v 0.023798 0.073379 0.070045
v 0.024615 0.076899 0.068976
vt 0.375000 0.000000
vt 0.625000 0.000000
vt 0.625000 0.250000
vt 0.375000 0.250000
vt 0.625000 0.500000
vt 0.375000 0.500000
vt 0.625000 0.750000
vt 0.375000 0.750000
vt 0.625000 1.000000
vt 0.375000 1.000000
vt 0.125000 0.500000
vt 0.125000 0.750000
vt 0.875000 0.500000
vt 0.875000 0.750000
vn -0.0642 -0.2763 -0.9589
vn 0.9741 -0.2261 -0.0000
vn 0.0642 0.2763 0.9589
vn -0.9741 0.2261 0.0000
vn -0.2169 -0.9341 0.2837
vn 0.2169 0.9341 -0.2837
usemtl None
s off
f 281/491/211 282/492/211 284/493/211 283/494/211
f 283/494/212 284/493/212 288/495/212 287/496/212
f 287/496/213 288/495/213 286/497/213 285/498/213
f 285/498/214 286/497/214 282/499/214 281/500/214
f 283/501/215 287/496/215 285/498/215 281/502/215
f 288/495/216 284/503/216 282/504/216 286/497/216
