# Blender 3.4.1
# www.blender.org
mtllib red_coffee_mug_col.mtl
o Cube
v 0.011547 -0.026548 0.002749
v 0.011547 -0.026548 0.007765
v -0.042172 -0.026548 0.002749
v -0.042172 -0.026548 0.007765
v 0.011547 0.020532 0.002749
v 0.011547 0.020532 0.007765
v -0.042172 0.020532 0.002749
v -0.042172 0.020532 0.007765
vn -0.0000 -1.0000 -0.0000
vn -1.0000 -0.0000 -0.0000
vn -0.0000 1.0000 -0.0000
vn 1.0000 -0.0000 -0.0000
vn -0.0000 -0.0000 -1.0000
vn -0.0000 -0.0000 1.0000
vt 0.375000 0.000000
vt 0.375000 1.000000
vt 0.125000 0.750000
vt 0.625000 0.000000
vt 0.625000 1.000000
vt 0.875000 0.750000
vt 0.375000 0.250000
vt 0.125000 0.500000
vt 0.625000 0.250000
vt 0.875000 0.500000
vt 0.375000 0.750000
vt 0.625000 0.750000
vt 0.375000 0.500000
vt 0.625000 0.500000
s 0
f 1/1/1 2/4/1 4/9/1 3/7/1
f 3/7/2 4/9/2 8/14/2 7/13/2
f 7/13/3 8/14/3 6/12/3 5/11/3
f 5/11/4 6/12/4 2/5/4 1/2/4
f 3/8/5 7/13/5 5/11/5 1/3/5
f 8/14/6 4/10/6 2/6/6 6/12/6
o Cube.001
v 0.023615 -0.003155 0.130836
v 0.011649 0.006024 -0.001037
v -0.001512 -0.035910 0.130836
v -0.013478 -0.026731 -0.001037
v 0.029153 -0.007403 0.130038
v 0.017187 0.001776 -0.001835
v 0.004026 -0.040159 0.130038
v -0.007940 -0.030980 -0.001835
vn -0.7883 0.6047 0.1136
vn -0.6087 -0.7934 -0.0000
vn 0.7883 -0.6047 -0.1136
vn 0.6087 0.7934 -0.0000
vn 0.0901 -0.0692 0.9935
vn -0.0901 0.0692 -0.9935
vt 0.375000 0.000000
vt 0.375000 1.000000
vt 0.125000 0.750000
vt 0.625000 0.000000
vt 0.625000 1.000000
vt 0.875000 0.750000
vt 0.375000 0.250000
vt 0.125000 0.500000
vt 0.625000 0.250000
vt 0.875000 0.500000
vt 0.375000 0.750000
vt 0.625000 0.750000
vt 0.375000 0.500000
vt 0.625000 0.500000
s 0
f 9/15/7 10/18/7 12/23/7 11/21/7
f 11/21/8 12/23/8 16/28/8 15/27/8
f 15/27/9 16/28/9 14/26/9 13/25/9
f 13/25/10 14/26/10 10/19/10 9/16/10
f 11/22/11 15/27/11 13/25/11 9/17/11
f 16/28/12 12/24/12 10/20/12 14/26/12
o Cube.002
v 0.005129 -0.038826 0.130836
v 0.005129 -0.023745 -0.001037
v -0.036154 -0.038826 0.130836
v -0.036154 -0.023745 -0.001037
v 0.005129 -0.045806 0.130038
v 0.005129 -0.030725 -0.001835
v -0.036154 -0.045806 0.130038
v -0.036154 -0.030725 -0.001835
vn -0.0000 0.9935 0.1136
vn -1.0000 -0.0000 -0.0000
vn -0.0000 -0.9935 -0.1136
vn 1.0000 -0.0000 -0.0000
vn -0.0000 -0.1136 0.9935
vn -0.0000 0.1136 -0.9935
vt 0.375000 0.000000
vt 0.375000 1.000000
vt 0.125000 0.750000
vt 0.625000 0.000000
vt 0.625000 1.000000
vt 0.875000 0.750000
vt 0.375000 0.250000
vt 0.125000 0.500000
vt 0.625000 0.250000
vt 0.875000 0.500000
vt 0.375000 0.750000
vt 0.625000 0.750000
vt 0.375000 0.500000
vt 0.625000 0.500000
s 0
f 17/29/13 18/32/13 20/37/13 19/35/13
f 19/35/14 20/37/14 24/42/14 23/41/14
f 23/41/15 24/42/15 22/40/15 21/39/15
f 21/39/16 22/40/16 18/33/16 17/30/16
f 19/36/17 23/41/17 21/39/17 17/31/17
f 24/42/18 20/38/18 18/34/18 22/40/18
o Cube.003
v 0.008448 0.026550 0.130836
v -0.006051 0.022402 -0.001037
v 0.019802 -0.013141 0.130836
v 0.005303 -0.017289 -0.001037
v 0.015159 0.028470 0.130038
v 0.000660 0.024322 -0.001835
v 0.026513 -0.011222 0.130038
v 0.012014 -0.015369 -0.001835
vn -0.9552 -0.2732 0.1136
vn 0.2750 -0.9614 -0.0000
vn 0.9552 0.2732 -0.1136
vn -0.2750 0.9614 -0.0000
vn 0.1092 0.0312 0.9935
vn -0.1092 -0.0312 -0.9935
vt 0.375000 0.000000
vt 0.375000 1.000000
vt 0.125000 0.750000
vt 0.625000 0.000000
vt 0.625000 1.000000
vt 0.875000 0.750000
vt 0.375000 0.250000
vt 0.125000 0.500000
vt 0.625000 0.250000
vt 0.875000 0.500000
vt 0.375000 0.750000
vt 0.625000 0.750000
vt 0.375000 0.500000
vt 0.625000 0.500000
s 0
f 25/43/19 26/46/19 28/51/19 27/49/19
f 27/49/20 28/51/20 32/56/20 31/55/20
f 31/55/21 32/56/21 30/54/21 29/53/21
f 29/53/22 30/54/22 26/47/22 25/44/22
f 27/50/23 31/55/23 29/53/23 25/45/23
f 32/56/24 28/52/24 26/48/24 30/54/24
o Cube.004
v -0.025108 0.038589 0.130836
v -0.029829 0.024266 -0.001037
v 0.014100 0.025667 0.130836
v 0.009380 0.011344 -0.001037
v -0.022923 0.045219 0.130038
v -0.027644 0.030896 -0.001835
v 0.016285 0.032296 0.130038
v 0.011565 0.017973 -0.001835
vn -0.3110 -0.9436 0.1136
vn 0.9497 -0.3130 -0.0000
vn 0.3110 0.9436 -0.1136
vn -0.9497 0.3130 -0.0000
vn 0.0356 0.1079 0.9935
vn -0.0356 -0.1079 -0.9935
vt 0.375000 0.000000
vt 0.375000 1.000000
vt 0.125000 0.750000
vt 0.625000 0.000000
vt 0.625000 1.000000
vt 0.875000 0.750000
vt 0.375000 0.250000
vt 0.125000 0.500000
vt 0.625000 0.250000
vt 0.875000 0.500000
vt 0.375000 0.750000
vt 0.625000 0.750000
vt 0.375000 0.500000
vt 0.625000 0.500000
s 0
f 33/57/25 34/60/25 36/65/25 35/63/25
f 35/63/26 36/65/26 40/70/26 39/69/26
f 39/69/27 40/70/27 38/68/27 37/67/27
f 37/67/28 38/68/28 34/61/28 33/58/28
f 35/64/29 39/69/29 37/67/29 33/59/29
f 40/70/30 36/66/30 34/62/30 38/68/30
o Cube.005
v -0.052356 0.014879 0.130836
v -0.042995 0.003056 -0.001037
v -0.019991 0.040507 0.130836
v -0.010629 0.028684 -0.001037
v -0.056690 0.020352 0.130038
v -0.047328 0.008529 -0.001835
v -0.024324 0.045980 0.130038
v -0.014962 0.034156 -0.001835
vn 0.6168 -0.7789 0.1136
vn 0.7840 0.6208 -0.0000
vn -0.6168 0.7789 -0.1136
vn -0.7840 -0.6208 -0.0000
vn -0.0705 0.0891 0.9935
vn 0.0705 -0.0891 -0.9935
vt 0.375000 0.000000
vt 0.375000 1.000000
vt 0.125000 0.750000
vt 0.625000 0.000000
vt 0.625000 1.000000
vt 0.875000 0.750000
vt 0.375000 0.250000
vt 0.125000 0.500000
vt 0.625000 0.250000
vt 0.875000 0.500000
vt 0.375000 0.750000
vt 0.625000 0.750000
vt 0.375000 0.500000
vt 0.625000 0.500000
s 0
f 41/71/31 42/74/31 44/79/31 43/77/31
f 43/77/32 44/79/32 48/84/32 47/83/32
f 47/83/33 48/84/33 46/82/33 45/81/33
f 45/81/34 46/82/34 42/75/34 41/72/34
f 43/78/35 47/83/35 45/81/35 41/73/35
f 48/84/36 44/80/36 42/76/36 46/82/36
o Cube.006
v -0.050331 -0.023269 0.130836
v -0.035267 -0.022555 -0.001037
v -0.052286 0.017968 0.130836
v -0.037222 0.018682 -0.001037
v -0.057303 -0.023600 0.130038
v -0.042239 -0.022885 -0.001835
v -0.059259 0.017637 0.130038
v -0.044195 0.018351 -0.001835
vn 0.9924 0.0471 0.1136
vn -0.0474 0.9989 -0.0000
vn -0.9924 -0.0471 -0.1136
vn 0.0474 -0.9989 -0.0000
vn -0.1135 -0.0054 0.9935
vn 0.1135 0.0054 -0.9935
vt 0.375000 0.000000
vt 0.375000 1.000000
vt 0.125000 0.750000
vt 0.625000 0.000000
vt 0.625000 1.000000
vt 0.875000 0.750000
vt 0.375000 0.250000
vt 0.125000 0.500000
vt 0.625000 0.250000
vt 0.875000 0.500000
vt 0.375000 0.750000
vt 0.625000 0.750000
vt 0.375000 0.500000
vt 0.625000 0.500000
s 0
f 49/85/37 50/88/37 52/93/37 51/91/37
f 51/91/38 52/93/38 56/98/38 55/97/38
f 55/97/39 56/98/39 54/96/39 53/95/39
f 53/95/40 54/96/40 50/89/40 49/86/40
f 51/92/41 55/97/41 53/95/41 49/87/41
f 56/98/42 52/94/42 50/90/42 54/96/42
o Cube.007
v -0.026378 -0.042233 0.130836
v -0.015818 -0.031467 -0.001037
v -0.055850 -0.013325 0.130836
v -0.045290 -0.002559 -0.001037
v -0.031266 -0.047217 0.130038
v -0.020705 -0.036450 -0.001835
v -0.060738 -0.018309 0.130038
v -0.050178 -0.007542 -0.001835
vn 0.6957 0.7093 0.1136
vn -0.7139 0.7002 -0.0000
vn -0.6957 -0.7093 -0.1136
vn 0.7139 -0.7002 -0.0000
vn -0.0796 -0.0811 0.9935
vn 0.0796 0.0811 -0.9935
vt 0.375000 0.000000
vt 0.375000 1.000000
vt 0.125000 0.750000
vt 0.625000 0.000000
vt 0.625000 1.000000
vt 0.875000 0.750000
vt 0.375000 0.250000
vt 0.125000 0.500000
vt 0.625000 0.250000
vt 0.875000 0.500000
vt 0.375000 0.750000
vt 0.625000 0.750000
vt 0.375000 0.500000
vt 0.625000 0.500000
s 0
f 57/99/43 58/102/43 60/107/43 59/105/43
f 59/105/44 60/107/44 64/112/44 63/111/44
f 63/111/45 64/112/45 62/110/45 61/109/45
f 61/109/46 62/110/46 58/103/46 57/100/46
f 59/106/47 63/111/47 61/109/47 57/101/47
f 64/112/48 60/108/48 58/104/48 62/110/48
o Cube.008
v 0.062167 -0.006483 0.073663
v 0.015830 -0.006483 0.023206
v 0.057862 -0.006483 0.077617
v 0.011525 -0.006483 0.027160
v 0.062167 0.008655 0.073663
v 0.015830 0.008655 0.023206
v 0.057862 0.008655 0.077617
v 0.011525 0.008655 0.027160
vn -0.0000 -1.0000 -0.0000
vn -0.7365 -0.0000 0.6764
vn -0.0000 1.0000 -0.0000
vn 0.7365 -0.0000 -0.6764
vn 0.6764 -0.0000 0.7365
vn -0.6764 -0.0000 -0.7365
vt 0.375000 0.000000
vt 0.375000 1.000000
vt 0.125000 0.750000
vt 0.625000 0.000000
vt 0.625000 1.000000
vt 0.875000 0.750000
vt 0.375000 0.250000
vt 0.125000 0.500000
vt 0.625000 0.250000
vt 0.875000 0.500000
vt 0.375000 0.750000
vt 0.625000 0.750000
vt 0.375000 0.500000
vt 0.625000 0.500000
s 0
f 65/113/49 67/119/49 68/121/49 66/116/49
f 67/119/50 71/125/50 72/126/50 68/121/50
f 71/125/51 69/123/51 70/124/51 72/126/51
f 69/123/52 65/114/52 66/117/52 70/124/52
f 67/120/53 65/115/53 69/123/53 71/125/53
f 72/126/54 70/124/54 66/118/54 68/122/54
o Cube.009
v 0.055421 -0.005836 0.113762
v 0.059359 -0.005836 0.075489
v 0.050121 -0.005836 0.113217
v 0.054060 -0.005836 0.074944
v 0.055421 0.008008 0.113762
v 0.059359 0.008008 0.075489
v 0.050121 0.008008 0.113217
v 0.054060 0.008008 0.074944
vn -0.0000 -1.0000 -0.0000
vn -0.9947 -0.0000 -0.1024
vn -0.0000 1.0000 -0.0000
vn 0.9947 -0.0000 0.1024
vn -0.1024 -0.0000 0.9947
vn 0.1024 -0.0000 -0.9947
vt 0.375000 0.000000
vt 0.375000 1.000000
vt 0.125000 0.750000
vt 0.625000 0.000000
vt 0.625000 1.000000
vt 0.875000 0.750000
vt 0.375000 0.250000
vt 0.125000 0.500000
vt 0.625000 0.250000
vt 0.875000 0.500000
vt 0.375000 0.750000
vt 0.625000 0.750000
vt 0.375000 0.500000
vt 0.625000 0.500000
s 0
f 73/127/55 75/133/55 76/135/55 74/130/55
f 75/133/56 79/139/56 80/140/56 76/135/56
f 79/139/57 77/137/57 78/138/57 80/140/57
f 77/137/58 73/128/58 74/131/58 78/138/58
f 75/134/59 73/129/59 77/137/59 79/139/59
f 80/140/60 78/138/60 74/132/60 76/136/60
o Cube.010
v 0.016158 -0.005836 0.111655
v 0.052232 -0.005836 0.116845
v 0.016916 -0.005836 0.106388
v 0.052989 -0.005836 0.111578
v 0.016158 0.008008 0.111655
v 0.052232 0.008008 0.116845
v 0.016916 0.008008 0.106388
v 0.052989 0.008008 0.111578
vn -0.0000 -1.0000 -0.0000
vn 0.1424 -0.0000 -0.9898
vn -0.0000 1.0000 -0.0000
vn -0.1424 -0.0000 0.9898
vn -0.9898 -0.0000 -0.1424
vn 0.9898 -0.0000 0.1424
vt 0.375000 0.000000
vt 0.375000 1.000000
vt 0.125000 0.750000
vt 0.625000 0.000000
vt 0.625000 1.000000
vt 0.875000 0.750000
vt 0.375000 0.250000
vt 0.125000 0.500000
vt 0.625000 0.250000
vt 0.875000 0.500000
vt 0.375000 0.750000
vt 0.625000 0.750000
vt 0.375000 0.500000
vt 0.625000 0.500000
s 0
f 81/141/61 83/147/61 84/149/61 82/144/61
f 83/147/62 87/153/62 88/154/62 84/149/62
f 87/153/63 85/151/63 86/152/63 88/154/63
f 85/151/64 81/142/64 82/145/64 86/152/64
f 83/148/65 81/143/65 85/151/65 87/153/65
f 88/154/66 86/152/66 82/146/66 84/150/66
